01002
01103
01201
01420
01440
01453
01545
01581
01602
01603
01604
01605
01606
01608
01609
01610
01702
01721
01749
01752
01757
01760
01801
01803
01810
01821
01824
01830
01832
01843
01844
01845
01851
01852
01854
01876
01880
01901
01902
01913
01915
01923
01950
01960
01970
02019
02021
02026
02038
02048
02062
02072
02109
02111
02113
02114
02115
02116
02118
02119
02120
02121
02122
02124
02125
02127
02128
02129
02130
02131
02132
02134
02135
02136
02138
02139
02140
02141
02142
02143
02144
02145
02148
02149
02150
02151
02152
02155
02169
02170
02171
02176
02180
02184
02188
02189
02190
02210
02215
02324
02360
02364
02368
02445
02446
02451
02453
02458
02460
02467
02472
02474
02478
02494
02601
02703
02720
02721
02740
02760
02780
02809
02840
02842
02860
02861
02864
02879
02886
02891
02893
02895
02903
02904
02905
02906
02907
02908
02909
02915
03038
03054
03060
03062
03063
03079
03101
03102
03103
03104
03301
03431
03801
03820
03867
04005
04074
04092
04101
04102
04103
04106
04240
04330
04401
04901
05401
05403
06002
06010
06032
06033
06040
06042
06051
06053
06067
06074
06082
06105
06106
06114
06119
06320
06340
06360
06401
06405
06450
06457
06460
06484
06510
06511
06512
06513
06514
06515
06516
06518
06519
06604
06605
06606
06611
06704
06705
06708
06710
06770
06776
06790
06810
06811
06824
06830
06850
06851
06854
06855
06880
06901
06902
06905
07002
07003
07008
07010
07016
07017
07018
07020
07024
07026
07029
07030
07032
07036
07039
07040
07042
07047
07050
07052
07054
07055
07065
07070
07073
07079
07080
07081
07083
07086
07087
07093
07094
07095
07102
07103
07104
07105
07106
07107
07108
07109
07110
07111
07112
07201
07202
07203
07206
07302
07304
07305
07306
07307
07310
07424
07470
07501
07601
07631
07644
07650
07666
07701
07712
07719
07724
07726
07728
07731
07734
07740
07747
07753
07756
07762
07828
07901
07928
07940
07950
07960
08002
08012
08021
08028
08033
08034
08053
08054
08060
08081
08107
08108
08205
08401
08402
08406
08527
08536
08540
08611
08618
08648
08724
08742
08753
08807
08816
08817
08820
08830
08837
08840
08854
08857
08859
08861
08865
08873
08876
08879
08901
08902
08904
10001
10002
10003
10004
10005
10006
10007
10009
10010
10011
10012
10013
10014
10016
10017
10018
10019
10021
10022
10023
10024
10025
10026
10027
10028
10029
10030
10031
10032
10033
10034
10035
10036
10037
10038
10039
10040
10044
10065
10069
10075
10128
10280
10282
10301
10304
10305
10306
10312
10314
10451
10454
10457
10458
10461
10462
10463
10465
10467
10468
10469
10522
10543
10562
10566
10573
10591
10601
10604
10606
10701
10703
10704
10705
10707
10708
10801
10940
10950
10954
10960
11101
11102
11103
11104
11105
11106
11109
11201
11203
11204
11205
11206
11207
11208
11209
11210
11211
11212
11213
11214
11215
11216
11217
11218
11220
11221
11222
11223
11224
11225
11226
11228
11229
11230
11231
11232
11233
11235
11237
11238
11249
11354
11355
11356
11357
11358
11361
11364
11365
11370
11372
11373
11374
11375
11377
11378
11379
11385
11415
11418
11432
11435
11501
11542
11561
11706
11727
11743
11772
11777
11779
11801
11937
11946
11963
11968
11976
11980
12020
12047
12065
12144
12180
12189
12202
12203
12206
12208
12210
12401
12508
12550
12590
12601
12603
12866
13021
13126
13203
13204
13206
13210
13601
13760
13905
14075
14094
14150
14201
14207
14209
14210
14213
14214
14215
14216
14217
14220
14221
14222
14226
14227
14228
14301
14450
14580
14606
14607
14608
14609
14611
14612
14613
14620
14621
14626
14850
15001
15010
15025
15090
15102
15106
15108
15120
15129
15136
15146
15201
15202
15203
15205
15206
15210
15211
15212
15213
15214
15215
15216
15217
15218
15219
15220
15221
15222
15224
15226
15227
15228
15229
15232
15235
15236
15237
15241
15301
15317
15601
16066
16101
16502
16801
17011
17013
17022
17025
17042
17046
17050
17055
17057
17101
17102
17103
17104
17109
17110
17111
17112
17201
17331
17401
17403
17404
17408
17512
17522
17543
17601
17602
17603
17701
17745
17815
17901
18015
18017
18018
18031
18042
18062
18067
18101
18102
18103
18104
18109
18301
18360
18505
18510
18702
18704
18901
18938
18940
18951
19002
19003
19004
19010
19013
19020
19025
19026
19047
19050
19061
19063
19067
19073
19082
19087
19090
19095
19096
19102
19103
19104
19106
19107
19111
19114
19118
19119
19120
19121
19122
19123
19124
19125
19126
19127
19128
19129
19130
19131
19132
19133
19134
19135
19136
19138
19139
19140
19141
19142
19143
19144
19145
19146
19147
19148
19149
19151
19152
19154
19320
19335
19341
19355
19380
19382
19401
19403
19405
19406
19422
19426
19428
19440
19446
19454
19460
19462
19464
19468
19601
19602
19604
19701
19702
19703
19709
19711
19720
19801
19805
19806
19808
19809
19810
19901
19904
19958
20001
20002
20003
20004
20005
20006
20007
20008
20009
20010
20011
20012
20015
20016
20017
20018
20019
20020
20024
20032
20036
20037
20105
20109
20110
20111
20120
20121
20136
20147
20148
20152
20155
20164
20165
20166
20170
20171
20175
20176
20190
20191
20194
20601
20603
20653
20705
20706
20707
20708
20715
20716
20721
20723
20724
20737
20740
20743
20744
20745
20746
20747
20748
20770
20772
20774
20782
20783
20784
20785
20814
20815
20816
20817
20850
20851
20852
20854
20855
20874
20876
20877
20878
20886
20901
20902
20903
20904
20906
20910
20912
21001
21009
21014
21015
21030
21040
21042
21043
21044
21045
21046
21054
21060
21061
21075
21076
21078
21113
21114
21117
21122
21133
21136
21144
21157
21201
21202
21204
21205
21206
21207
21208
21209
21210
21211
21212
21213
21214
21215
21216
21217
21218
21220
21221
21222
21223
21224
21225
21227
21228
21229
21230
21231
21234
21236
21237
21239
21244
21286
21401
21403
21502
21701
21702
21703
21704
21740
21742
21804
21901
21921
22003
22015
22026
22030
22031
22033
22041
22042
22043
22044
22046
22079
22101
22102
22124
22153
22180
22182
22191
22192
22193
22201
22202
22203
22204
22206
22207
22209
22301
22302
22303
22304
22305
22306
22309
22310
22311
22312
22314
22315
22401
22407
22408
22553
22554
22556
22601
22801
22802
22901
22902
22903
22911
22980
23059
23060
23112
23113
23114
23185
23188
23219
23220
23221
23222
23223
23224
23225
23226
23227
23228
23229
23230
23231
23233
23234
23235
23238
23294
23320
23321
23322
23323
23324
23434
23435
23451
23452
23453
23454
23455
23456
23462
23464
23502
23503
23504
23505
23507
23508
23510
23513
23517
23518
23601
23602
23606
23607
23608
23663
23666
23669
23693
23704
23803
23831
23832
23834
23860
24012
24014
24015
24016
24017
24018
24060
24073
24141
24153
24401
24501
24502
24503
24504
25302
25306
25401
25404
25414
25701
26003
26301
26501
26505
26508
26554
27012
27101
27103
27104
27105
27106
27107
27127
27203
27215
27260
27265
27278
27284
27302
27312
27330
27332
27360
27377
27401
27403
27405
27406
27407
27408
27409
27410
27455
27501
27502
27510
27511
27513
27514
27516
27517
27518
27519
27520
27523
27526
27527
27529
27530
27539
27540
27545
27546
27560
27587
27591
27596
27597
27601
27603
27604
27605
27606
27607
27608
27609
27610
27612
27613
27614
27615
27616
27617
27701
27703
27704
27705
27707
27713
27804
27834
27858
27893
27909
28012
28025
28027
28031
28034
28036
28037
28052
28054
28056
28075
28078
28079
28081
28083
28104
28105
28110
28112
28115
28117
28120
28134
28144
28147
28150
28166
28173
28202
28203
28204
28205
28206
28207
28208
28209
28210
28211
28212
28213
28214
28215
28216
28217
28226
28227
28262
28269
28270
28273
28277
28278
28301
28303
28304
28305
28306
28311
28314
28327
28348
28374
28376
28387
28390
28401
28403
28405
28409
28411
28412
28443
28445
28451
28460
28461
28532
28539
28540
28544
28546
28557
28560
28562
28590
28601
28602
28625
28677
28704
28711
28715
28739
28787
28792
28801
28803
28804
28805
28806
29033
29045
29063
29072
29073
29150
29154
29169
29170
29201
29203
29204
29205
29206
29209
29210
29212
29223
29229
29301
29302
29303
29306
29307
29316
29334
29349
29369
29401
29403
29405
29406
29407
29410
29412
29414
29418
29420
29445
29455
29456
29461
29464
29466
29483
29485
29486
29492
29501
29526
29566
29572
29575
29576
29577
29579
29582
29588
29601
29605
29607
29609
29611
29615
29621
29625
29631
29640
29644
29650
29651
29662
29673
29680
29681
29687
29707
29708
29710
29715
29730
29732
29801
29803
29841
29902
29906
29907
29909
29910
29926
29927
29928
29935
30004
30005
30008
30009
30011
30012
30013
30014
30016
30017
30019
30021
30022
30024
30028
30030
30032
30033
30034
30035
30038
30039
30040
30041
30043
30044
30045
30046
30047
30052
30058
30060
30062
30064
30066
30067
30068
30071
30075
30076
30078
30080
30082
30083
30084
30087
30088
30092
30093
30094
30096
30097
30101
30102
30106
30107
30114
30115
30117
30120
30121
30122
30126
30127
30132
30134
30135
30141
30144
30152
30157
30161
30165
30168
30179
30180
30188
30189
30213
30214
30215
30223
30224
30228
30236
30238
30240
30241
30248
30252
30253
30260
30263
30265
30269
30273
30274
30281
30291
30294
30296
30297
30303
30305
30306
30307
30308
30309
30310
30311
30312
30313
30314
30315
30316
30317
30318
30319
30324
30326
30327
30328
30329
30331
30337
30338
30339
30340
30341
30342
30344
30345
30346
30349
30350
30354
30360
30363
30458
30501
30504
30506
30517
30518
30519
30529
30534
30542
30548
30549
30566
30567
30601
30605
30606
30655
30680
30701
30736
30741
30809
30813
30815
30901
30904
30906
30907
30909
31005
31061
31088
31093
31201
31204
31206
31210
31220
31302
31313
31316
31322
31324
31326
31401
31404
31405
31406
31407
31410
31419
31520
31522
31525
31548
31558
31601
31602
31605
31707
31721
31763
31901
31903
31904
31906
31907
31909
32003
32034
32043
32065
32068
32073
32080
32081
32082
32084
32086
32092
32095
32097
32114
32117
32118
32119
32124
32127
32128
32129
32137
32159
32162
32163
32164
32168
32169
32174
32176
32202
32204
32205
32206
32207
32208
32209
32210
32211
32216
32217
32218
32219
32221
32222
32223
32224
32225
32226
32233
32244
32246
32250
32254
32256
32257
32258
32259
32266
32277
32301
32303
32304
32308
32309
32311
32312
32401
32404
32405
32407
32408
32413
32439
32444
32459
32501
32502
32503
32504
32505
32506
32507
32514
32526
32534
32536
32539
32541
32547
32548
32563
32566
32569
32570
32571
32578
32579
32601
32605
32606
32607
32608
32609
32669
32701
32703
32707
32708
32712
32713
32714
32720
32724
32725
32726
32738
32746
32750
32751
32757
32763
32765
32771
32773
32778
32779
32780
32789
32792
32796
32801
32803
32804
32805
32806
32807
32808
32809
32810
32811
32812
32814
32817
32818
32819
32821
32822
32824
32825
32826
32827
32828
32829
32832
32835
32836
32837
32839
32901
32903
32904
32905
32907
32908
32909
32920
32922
32927
32931
32934
32935
32937
32940
32951
32953
32955
32958
32960
32962
32963
32966
32967
33004
33009
33010
33012
33014
33015
33016
33018
33019
33020
33021
33023
33024
33025
33026
33027
33028
33029
33032
33033
33034
33035
33037
33040
33054
33055
33056
33060
33062
33063
33064
33065
33067
33068
33069
33071
33073
33076
33122
33125
33126
33127
33128
33129
33130
33131
33132
33133
33134
33135
33136
33137
33138
33139
33140
33141
33142
33143
33144
33145
33146
33147
33149
33150
33154
33155
33156
33157
33160
33161
33162
33165
33166
33169
33172
33173
33174
33175
33176
33177
33178
33179
33180
33181
33183
33185
33186
33189
33190
33193
33196
33301
33304
33305
33306
33308
33309
33311
33312
33313
33314
33315
33316
33317
33319
33321
33322
33323
33324
33325
33326
33327
33328
33331
33334
33351
33401
33403
33404
33405
33406
33407
33408
33409
33410
33411
33412
33413
33414
33415
33417
33418
33426
33428
33431
33432
33433
33434
33435
33436
33437
33441
33442
33444
33445
33446
33458
33460
33461
33462
33463
33467
33469
33470
33477
33480
33483
33484
33486
33487
33496
33510
33511
33525
33534
33541
33542
33543
33544
33545
33547
33548
33549
33556
33558
33559
33563
33566
33569
33570
33572
33573
33578
33579
33584
33594
33596
33598
33602
33603
33604
33605
33606
33607
33609
33610
33611
33612
33613
33614
33615
33616
33617
33618
33619
33624
33625
33626
33629
33634
33635
33637
33647
33701
33702
33703
33704
33705
33706
33707
33708
33709
33710
33711
33712
33713
33714
33715
33716
33755
33756
33759
33760
33761
33762
33763
33764
33765
33767
33770
33771
33772
33773
33774
33777
33781
33782
33801
33803
33805
33809
33810
33811
33812
33813
33815
33823
33830
33837
33844
33852
33853
33860
33870
33880
33881
33884
33896
33897
33901
33903
33904
33905
33907
33908
33909
33912
33913
33914
33916
33917
33919
33928
33936
33947
33950
33952
33953
33954
33955
33966
33967
33971
33973
33974
33976
33981
33982
33983
33990
33991
33993
34102
34103
34104
34105
34108
34109
34110
34112
34113
34114
34119
34120
34134
34135
34142
34145
34202
34203
34205
34207
34208
34209
34210
34211
34212
34219
34221
34223
34224
34231
34232
34233
34234
34235
34236
34237
34238
34239
34240
34241
34242
34243
34275
34285
34286
34287
34288
34292
34293
34434
34465
34470
34471
34472
34473
34474
34476
34480
34482
34601
34604
34606
34608
34609
34638
34639
34652
34653
34654
34655
34667
34668
34677
34683
34684
34685
34689
34690
34691
34698
34711
34714
34715
34736
34741
34743
34744
34746
34747
34748
34758
34759
34761
34769
34771
34772
34785
34786
34787
34949
34950
34952
34953
34957
34982
34983
34984
34986
34987
34990
34994
34997
35004
35007
35020
35023
35040
35080
35124
35126
35173
35205
35206
35208
35209
35210
35211
35213
35214
35215
35216
35217
35222
35228
35233
35235
35242
35243
35244
35401
35405
35601
35611
35613
35630
35749
35756
35757
35758
35759
35763
35801
35802
35803
35805
35806
35810
35811
35816
35824
36054
36064
36066
36067
36106
36107
36109
36111
36116
36117
36265
36330
36526
36527
36532
36535
36542
36604
36605
36606
36608
36609
36693
36695
36801
36830
36832
36867
37013
37015
37027
37040
37042
37043
37064
37066
37067
37072
37075
37076
37086
37087
37090
37115
37122
37127
37128
37129
37130
37135
37138
37167
37172
37174
37179
37201
37203
37204
37205
37206
37207
37208
37209
37210
37211
37212
37214
37215
37216
37217
37218
37219
37221
37228
37311
37312
37343
37363
37402
37403
37404
37405
37408
37411
37412
37415
37416
37421
37601
37604
37660
37701
37801
37803
37804
37830
37876
37902
37909
37912
37917
37918
37919
37920
37921
37922
37923
37931
37932
37934
38002
38016
38017
38018
38053
38060
38103
38104
38106
38107
38108
38109
38111
38112
38114
38115
38116
38117
38118
38119
38120
38122
38125
38127
38128
38133
38134
38135
38138
38141
38301
38305
38401
38501
38632
38637
38654
38655
38671
38672
38801
39042
39047
39056
39110
39157
39204
39206
39208
39209
39211
39212
39232
39401
39402
39501
39503
39507
39531
39564
39759
40059
40160
40202
40203
40204
40205
40206
40207
40208
40210
40211
40212
40214
40215
40216
40217
40218
40220
40222
40223
40228
40229
40241
40242
40243
40245
40272
40291
40299
40324
40356
40475
40502
40503
40504
40505
40508
40509
40511
40515
40517
40601
41011
41018
41042
41071
41074
42101
42104
42240
42262
42701
43015
43016
43017
43026
43035
43040
43054
43055
43062
43065
43068
43081
43082
43085
43110
43119
43123
43125
43130
43147
43201
43202
43203
43204
43205
43206
43207
43211
43212
43213
43214
43215
43219
43220
43221
43223
43224
43227
43228
43229
43230
43232
43235
43240
43551
43560
43605
43606
43607
43609
43612
43613
43614
43615
43701
44035
44052
44060
44077
44092
44094
44102
44105
44106
44107
44108
44109
44110
44111
44112
44113
44114
44115
44116
44118
44120
44121
44122
44123
44124
44125
44128
44129
44130
44132
44134
44135
44137
44145
44146
44203
44221
44240
44256
44305
44306
44310
44313
44314
44320
44512
44601
44646
44691
44703
44705
44708
44709
44720
44805
45005
45011
45013
45014
45036
45039
45040
45044
45069
45103
45140
45150
45202
45205
45206
45208
45209
45211
45212
45213
45214
45215
45219
45220
45224
45226
45227
45229
45230
45231
45236
45237
45238
45239
45240
45242
45244
45246
45251
45322
45324
45342
45373
45385
45402
45403
45405
45406
45410
45414
45417
45419
45420
45424
45429
45458
45459
45840
46016
46032
46033
46037
46038
46060
46062
46074
46075
46077
46112
46113
46123
46131
46140
46142
46143
46168
46201
46202
46203
46204
46205
46208
46214
46216
46217
46218
46219
46220
46221
46222
46224
46226
46227
46229
46231
46234
46235
46236
46237
46239
46240
46241
46250
46254
46256
46260
46268
46307
46312
46320
46322
46324
46342
46360
46368
46383
46409
46410
46544
46545
46613
46614
46615
46616
46617
46628
46802
46805
46806
46807
46808
46818
46825
46835
46901
46902
47130
47150
47201
47302
47303
47304
47305
47401
47403
47404
47408
47630
47711
47713
47714
47802
47803
47807
47901
47904
47905
47906
47909
47933
48009
48021
48030
48033
48034
48035
48036
48038
48045
48060
48066
48067
48071
48073
48075
48076
48083
48084
48089
48091
48093
48098
48103
48104
48105
48108
48124
48125
48126
48127
48141
48146
48152
48167
48170
48180
48185
48186
48187
48188
48192
48195
48197
48198
48201
48202
48204
48205
48206
48207
48214
48216
48219
48220
48221
48224
48225
48226
48227
48228
48230
48234
48235
48237
48238
48239
48240
48307
48310
48312
48313
48317
48322
48326
48331
48334
48335
48336
48340
48342
48346
48375
48377
48390
48430
48439
48503
48507
48602
48603
48642
48823
48842
48843
48858
48906
48910
48911
48912
48917
49006
49007
49008
49009
49015
49085
49201
49203
49417
49418
49423
49424
49441
49442
49503
49504
49505
49506
49507
49508
49512
49519
49525
49546
49855
50009
50010
50014
50021
50023
50111
50219
50263
50265
50266
50309
50310
50311
50312
50314
50315
50317
50321
50322
50613
50701
50702
50703
51501
51503
52001
52240
52241
52245
52246
52302
52317
52402
52403
52404
52405
52722
52803
52804
52806
52807
53066
53081
53140
53142
53172
53186
53202
53204
53205
53206
53207
53208
53209
53210
53211
53212
53213
53214
53215
53216
53217
53218
53219
53222
53224
53225
53226
53233
53235
53403
53406
53511
53532
53562
53590
53593
53703
53704
53705
53711
53713
53718
53719
54016
54017
54022
54301
54302
54303
54481
54601
54603
54650
54701
54703
54729
54751
54880
54901
54902
54914
54935
54956
55016
55025
55044
55068
55075
55077
55101
55102
55103
55104
55105
55106
55107
55108
55109
55110
55112
55113
55114
55116
55117
55118
55119
55122
55123
55124
55125
55128
55129
55130
55303
55305
55306
55311
55316
55317
55318
55330
55337
55343
55344
55346
55362
55369
55374
55378
55379
55401
55403
55404
55405
55406
55407
55408
55409
55410
55411
55412
55413
55414
55415
55416
55417
55418
55421
55422
55423
55425
55426
55427
55428
55432
55433
55434
55435
55436
55437
55438
55441
55442
55443
55446
55447
55449
55805
55811
55812
55901
55902
55904
55912
55987
56001
56301
56303
56304
56560
57006
57103
57104
57105
57106
57108
57110
57701
57702
57703
58075
58078
58102
58103
58104
58201
58203
58401
58501
58504
58554
58701
58703
58801
59101
59102
59105
59106
59401
59405
59601
59701
59714
59715
59718
59801
59802
59808
59901
59937
60004
60005
60007
60008
60014
60016
60025
60030
60031
60035
60056
60060
60061
60062
60067
60068
60073
60074
60076
60077
60085
60089
60090
60102
60110
60115
60118
60120
60123
60124
60126
60130
60133
60134
60139
60143
60148
60169
60173
60174
60181
60187
60188
60189
60193
60194
60201
60202
60301
60302
60304
60402
60403
60409
60411
60419
60435
60440
60441
60446
60453
60458
60466
60477
60502
60504
60515
60517
60525
60527
60532
60540
60543
60555
60559
60563
60564
60565
60601
60603
60605
60606
60607
60608
60609
60610
60611
60612
60613
60614
60615
60616
60617
60618
60619
60620
60621
60622
60623
60624
60625
60626
60628
60629
60630
60632
60634
60636
60637
60638
60639
60640
60641
60642
60643
60644
60645
60647
60649
60651
60653
60654
60657
60659
60660
60661
60707
60804
60827
60901
61101
61103
61104
61107
61108
61111
61201
61265
61554
61603
61604
61606
61614
61701
61704
61761
61801
61820
61821
61822
61832
61866
62002
62025
62040
62220
62221
62226
62234
62269
62301
62702
62703
62704
62901
62959
63011
63017
63021
63026
63031
63033
63042
63043
63074
63101
63102
63103
63104
63105
63108
63109
63110
63111
63112
63114
63116
63117
63118
63119
63121
63122
63123
63128
63130
63132
63134
63135
63136
63137
63138
63139
63141
63143
63144
63146
63301
63303
63304
63366
63367
63368
63376
63385
63501
63701
64012
64014
64015
64029
64030
64050
64052
64055
64057
64063
64068
64081
64083
64086
64093
64105
64106
64108
64109
64110
64111
64112
64114
64116
64117
64118
64119
64120
64124
64127
64128
64129
64130
64131
64132
64133
64134
64137
64138
64151
64152
64153
64154
64155
64801
64804
65101
65109
65201
65202
65203
65401
65583
65584
65616
65714
65721
65738
65802
65803
65804
65806
65807
65810
66030
66044
66046
66047
66048
66049
66061
66062
66103
66109
66112
66202
66204
66207
66208
66210
66212
66213
66214
66215
66216
66219
66221
66223
66441
66502
66503
66604
66614
67002
67037
67203
67204
67205
67206
67207
67208
67211
67212
67213
67214
67216
67217
67218
67219
67226
67401
67501
68005
68022
68025
68046
68102
68104
68105
68106
68108
68111
68114
68116
68123
68124
68127
68128
68130
68131
68132
68134
68135
68136
68137
68138
68144
68154
68164
68502
68503
68504
68505
68506
68507
68508
68510
68512
68516
68521
68522
68526
69101
70001
70002
70003
70005
70043
70058
70065
70072
70094
70112
70113
70114
70115
70116
70117
70118
70119
70122
70123
70124
70125
70126
70130
70131
70301
70360
70401
70403
70433
70448
70454
70458
70460
70461
70471
70501
70503
70506
70508
70592
70601
70605
70607
70663
70726
70769
70791
70802
70806
70808
70809
70810
70816
70817
70820
71104
71105
71106
71108
71109
71111
71112
71115
71118
71270
71291
71446
71913
72015
72019
72023
72032
72034
72076
72113
72114
72116
72118
72120
72202
72204
72205
72206
72207
72209
72210
72223
72227
72401
72404
72450
72701
72703
72704
72712
72713
72715
72719
72730
72756
72758
72761
72762
72764
72901
72903
73003
73008
73012
73013
73034
73036
73064
73065
73069
73071
73072
73099
73102
73103
73104
73105
73106
73107
73109
73110
73111
73112
73114
73115
73116
73118
73119
73120
73127
73130
73132
73134
73135
73139
73142
73159
73160
73162
73170
73401
73501
73505
73507
73703
74006
74008
74011
74012
74014
74017
74037
74055
74063
74066
74074
74075
74103
74104
74105
74106
74107
74110
74112
74114
74119
74120
74126
74127
74133
74135
74136
74137
74145
74464
74701
74801
74804
74820
75001
75002
75006
75007
75009
75010
75013
75019
75020
75023
75024
75025
75028
75032
75033
75034
75035
75036
75038
75039
75040
75041
75042
75043
75044
75048
75050
75051
75052
75054
75056
75057
75060
75061
75062
75063
75067
75068
75069
75070
75071
75072
75074
75075
75077
75078
75080
75081
75082
75087
75088
75089
75090
75092
75093
75098
75104
75110
75115
75119
75126
75134
75137
75146
75147
75149
75150
75154
75159
75165
75181
75189
75201
75202
75203
75204
75205
75206
75207
75208
75209
75211
75212
75214
75215
75216
75217
75218
75219
75220
75225
75226
75227
75228
75229
75230
75231
75234
75235
75236
75237
75238
75240
75241
75243
75244
75248
75251
75252
75253
75254
75287
75401
75402
75407
75409
75454
75501
75601
75604
75605
75662
75701
75702
75703
75791
75965
76001
76002
76005
76006
76008
76010
76011
76012
76013
76014
76015
76016
76017
76018
76020
76021
76022
76028
76033
76036
76039
76040
76048
76049
76051
76052
76053
76060
76063
76065
76086
76087
76102
76104
76107
76108
76109
76110
76111
76112
76114
76116
76117
76118
76119
76120
76123
76126
76131
76132
76133
76134
76135
76137
76140
76148
76155
76164
76177
76179
76180
76182
76201
76205
76207
76208
76209
76210
76226
76227
76244
76247
76248
76262
76301
76306
76308
76309
76310
76401
76501
76502
76504
76513
76522
76537
76541
76542
76543
76548
76549
76574
76643
76705
76706
76707
76708
76710
76711
76712
76901
76904
77002
77003
77004
77005
77006
77007
77008
77009
77010
77011
77013
77014
77015
77016
77017
77018
77019
77020
77021
77022
77023
77024
77025
77026
77027
77028
77030
77032
77033
77034
77035
77036
77040
77041
77042
77043
77044
77045
77047
77048
77049
77051
77053
77054
77055
77056
77057
77058
77060
77061
77062
77063
77064
77065
77066
77069
77070
77071
77072
77073
77074
77075
77077
77079
77080
77081
77082
77083
77084
77085
77086
77087
77088
77089
77090
77091
77092
77094
77095
77096
77098
77099
77301
77302
77303
77304
77316
77318
77327
77338
77339
77340
77345
77346
77354
77355
77356
77357
77365
77373
77375
77377
77379
77380
77381
77382
77384
77385
77386
77388
77389
77396
77406
77407
77414
77423
77429
77433
77441
77447
77449
77450
77459
77469
77471
77477
77478
77479
77484
77489
77493
77494
77498
77503
77504
77505
77520
77521
77523
77532
77539
77545
77546
77550
77551
77565
77566
77568
77571
77573
77578
77581
77583
77584
77590
77591
77598
77627
77630
77642
77705
77706
77801
77802
77803
77840
77845
77901
78006
78023
78028
78045
78108
78109
78130
78132
78133
78148
78152
78154
78155
78201
78202
78203
78204
78207
78209
78210
78211
78212
78213
78214
78215
78216
78217
78218
78219
78220
78221
78222
78223
78224
78227
78228
78229
78230
78231
78232
78233
78237
78238
78239
78240
78242
78244
78245
78247
78248
78249
78250
78251
78252
78253
78254
78255
78256
78257
78258
78259
78260
78261
78363
78401
78404
78410
78411
78412
78413
78414
78415
78418
78501
78503
78504
78520
78526
78539
78541
78542
78550
78552
78572
78573
78577
78596
78602
78610
78613
78617
78620
78621
78626
78628
78633
78634
78640
78641
78642
78644
78645
78653
78656
78660
78664
78665
78666
78669
78681
78701
78702
78703
78704
78705
78717
78721
78722
78723
78724
78725
78726
78727
78728
78729
78731
78732
78734
78735
78736
78737
78738
78741
78744
78745
78746
78747
78748
78749
78750
78751
78752
78753
78754
78756
78757
78758
78759
78852
79015
79106
79109
79110
79118
79119
79382
79401
79403
79407
79410
79411
79412
79413
79414
79415
79416
79423
79424
79601
79602
79603
79605
79606
79701
79703
79705
79706
79707
79761
79762
79765
79902
79903
79904
79912
79924
79925
79927
79928
79930
79932
79934
79935
79936
79938
80002
80003
80004
80005
80010
80011
80012
80013
80014
80015
80016
80017
80018
80020
80021
80022
80023
80026
80027
80030
80031
80033
80045
80104
80108
80109
80110
80111
80112
80113
80120
80122
80123
80124
80125
80126
80127
80128
80129
80130
80132
80134
80138
80202
80203
80204
80205
80206
80207
80209
80210
80211
80212
80214
80215
80216
80218
80219
80220
80221
80222
80223
80224
80226
80227
80228
80229
80230
80231
80232
80233
80234
80236
80237
80238
80239
80241
80246
80247
80249
80260
80301
80302
80303
80304
80305
80401
80403
80439
80465
80501
80503
80504
80516
80521
80524
80525
80526
80528
80534
80537
80538
80550
80601
80602
80620
80631
80634
80817
80863
80903
80904
80905
80906
80907
80908
80909
80910
80911
80915
80916
80917
80918
80919
80920
80921
80922
80923
80924
80925
81001
81003
81004
81005
81007
81212
81301
81303
81401
81501
81504
81505
81520
82001
82007
82009
82070
82072
82501
82601
82604
82609
82718
82901
83201
83204
83301
83401
83402
83404
83406
83440
83605
83607
83616
83634
83642
83646
83647
83651
83669
83686
83687
83702
83703
83704
83705
83706
83709
83713
83714
83716
83814
83815
83835
83843
83854
84003
84005
84009
84010
84015
84020
84025
84032
84041
84043
84045
84047
84054
84057
84058
84059
84060
84062
84065
84067
84070
84074
84081
84084
84088
84094
84095
84096
84097
84098
84101
84102
84103
84105
84106
84107
84108
84109
84111
84115
84116
84117
84119
84120
84121
84123
84124
84128
84321
84401
84403
84404
84405
84601
84604
84606
84651
84660
84663
84720
84721
84737
84770
84780
84790
85003
85004
85006
85007
85008
85009
85012
85013
85014
85015
85016
85017
85018
85019
85020
85021
85022
85023
85024
85027
85029
85031
85032
85033
85034
85035
85037
85040
85041
85042
85043
85044
85048
85050
85051
85053
85054
85083
85085
85086
85119
85120
85122
85132
85138
85139
85140
85142
85143
85201
85202
85203
85204
85205
85206
85207
85208
85209
85210
85212
85213
85215
85224
85225
85226
85233
85234
85248
85249
85250
85251
85253
85254
85255
85257
85258
85259
85260
85268
85281
85282
85283
85284
85286
85288
85295
85296
85297
85298
85301
85302
85303
85304
85305
85306
85307
85308
85310
85323
85326
85331
85335
85338
85339
85340
85345
85351
85353
85363
85364
85365
85367
85374
85375
85378
85379
85381
85382
85383
85387
85388
85392
85395
85396
85614
85629
85635
85641
85653
85701
85704
85705
85706
85710
85711
85712
85713
85715
85716
85718
85719
85730
85737
85741
85742
85743
85745
85746
85747
85750
85755
85756
86001
86004
86005
86301
86303
86305
86314
86326
86336
86401
86403
86404
86406
86409
86442
87031
87102
87104
87105
87106
87107
87108
87109
87110
87111
87112
87113
87114
87120
87121
87123
87124
87144
87401
87501
87505
87507
88001
88005
88011
88012
88101
88130
88310
89002
89011
89012
89014
89015
89030
89031
89032
89044
89052
89074
89081
89084
89086
89101
89102
89103
89104
89106
89107
89108
89109
89110
89113
89115
89117
89118
89119
89120
89121
89122
89123
89128
89129
89130
89131
89134
89135
89138
89139
89141
89142
89143
89144
89145
89146
89147
89148
89149
89156
89166
89169
89178
89179
89183
89408
89431
89434
89436
89451
89501
89502
89503
89506
89509
89511
89512
89519
89521
89523
89701
90003
90004
90005
90006
90007
90008
90010
90011
90012
90013
90014
90015
90016
90017
90018
90019
90020
90021
90023
90024
90025
90026
90027
90028
90029
90031
90032
90033
90034
90035
90036
90037
90038
90039
90041
90042
90043
90044
90045
90046
90047
90048
90049
90057
90062
90064
90065
90066
90068
90069
90094
90210
90211
90212
90230
90232
90240
90241
90242
90245
90247
90249
90250
90254
90260
90262
90265
90266
90272
90274
90275
90277
90278
90280
90290
90291
90292
90293
90301
90302
90303
90304
90305
90401
90402
90403
90404
90405
90501
90502
90503
90504
90505
90601
90602
90605
90620
90621
90630
90631
90638
90640
90650
90660
90680
90703
90706
90710
90715
90717
90720
90723
90731
90732
90740
90745
90802
90803
90804
90805
90806
90807
90808
90813
90814
90815
91006
91007
91010
91011
91016
91030
91042
91101
91103
91104
91105
91106
91107
91201
91202
91203
91204
91205
91206
91208
91214
91301
91302
91303
91304
91306
91307
91311
91316
91320
91321
91324
91325
91326
91335
91342
91343
91344
91350
91351
91352
91354
91355
91356
91360
91361
91362
91364
91367
91377
91381
91387
91401
91402
91403
91405
91406
91411
91423
91436
91501
91502
91504
91505
91506
91601
91602
91604
91605
91606
91607
91701
91702
91706
91708
91709
91710
91711
91722
91723
91730
91737
91739
91740
91745
91748
91750
91752
91754
91761
91762
91763
91764
91765
91766
91767
91768
91770
91773
91775
91776
91780
91786
91789
91790
91791
91792
91801
91803
91901
91910
91911
91913
91915
91932
91941
91942
91945
91950
91977
92007
92008
92009
92010
92011
92014
92019
92020
92021
92024
92025
92026
92027
92028
92029
92037
92040
92054
92056
92057
92058
92064
92065
92069
92071
92075
92078
92081
92083
92084
92101
92102
92103
92104
92105
92106
92107
92108
92109
92110
92111
92113
92114
92115
92116
92117
92118
92119
92120
92122
92123
92124
92126
92127
92128
92129
92130
92131
92139
92154
92173
92201
92203
92211
92223
92234
92240
92252
92253
92260
92262
92264
92270
92277
92284
92301
92307
92308
92311
92313
92324
92325
92335
92336
92345
92346
92354
92373
92374
92376
92392
92394
92395
92399
92404
92405
92407
92410
92501
92503
92504
92505
92506
92507
92508
92509
92530
92532
92543
92544
92545
92551
92553
92555
92557
92562
92563
92571
92583
92584
92585
92586
92587
92590
92591
92592
92595
92596
92602
92603
92604
92606
92610
92612
92614
92618
92620
92624
92625
92626
92627
92629
92630
92637
92646
92647
92648
92649
92651
92653
92656
92657
92660
92663
92672
92673
92675
92677
92683
92688
92691
92692
92694
92701
92704
92705
92706
92707
92708
92780
92782
92801
92802
92804
92805
92806
92807
92808
92821
92831
92832
92833
92835
92840
92841
92866
92867
92868
92869
92870
92878
92879
92880
92881
92882
92883
92886
92887
93001
93003
93004
93010
93012
93023
93030
93033
93035
93036
93041
93063
93065
93101
93103
93105
93108
93109
93110
93117
93230
93245
93257
93274
93277
93291
93292
93301
93304
93305
93306
93307
93308
93309
93311
93312
93313
93314
93401
93405
93422
93436
93446
93454
93455
93458
93505
93534
93535
93536
93550
93551
93552
93555
93561
93611
93612
93619
93635
93637
93701
93702
93704
93705
93710
93720
93722
93726
93727
93728
93730
93901
93906
93933
93940
93950
93955
94002
94010
94014
94015
94025
94030
94040
94041
94043
94044
94061
94062
94063
94065
94066
94070
94080
94085
94086
94087
94089
94102
94103
94105
94107
94108
94109
94110
94111
94112
94114
94115
94116
94117
94118
94121
94122
94123
94124
94131
94133
94134
94158
94301
94303
94306
94401
94402
94403
94404
94501
94503
94506
94509
94510
94513
94518
94519
94520
94521
94523
94526
94530
94531
94533
94534
94536
94538
94539
94541
94542
94544
94545
94546
94547
94549
94550
94551
94553
94555
94558
94559
94560
94561
94565
94566
94568
94577
94578
94582
94583
94585
94587
94588
94589
94590
94591
94596
94597
94598
94601
94602
94603
94605
94606
94607
94608
94609
94610
94611
94612
94618
94619
94621
94702
94703
94704
94705
94706
94709
94710
94801
94804
94806
94901
94903
94920
94928
94939
94941
94947
94952
94954
94960
94965
95003
95008
95010
95014
95020
95023
95030
95032
95035
95037
95050
95051
95054
95060
95062
95070
95076
95110
95111
95112
95113
95116
95117
95118
95120
95122
95123
95124
95125
95126
95127
95128
95129
95130
95131
95132
95133
95134
95136
95148
95204
95206
95207
95209
95210
95219
95240
95242
95330
95336
95337
95340
95341
95348
95350
95354
95355
95356
95376
95377
95380
95382
95391
95401
95403
95404
95405
95407
95409
95448
95476
95501
95603
95605
95608
95610
95616
95618
95621
95624
95628
95630
95648
95660
95661
95662
95667
95670
95677
95678
95682
95687
95688
95691
95695
95742
95747
95757
95758
95762
95765
95811
95814
95815
95816
95817
95818
95819
95820
95821
95822
95823
95824
95825
95826
95827
95828
95829
95831
95833
95834
95835
95838
95841
95842
95843
95864
95901
95926
95928
95945
95969
95973
95991
96001
96002
96003
96150
96701
96706
96707
96734
96740
96744
96753
96761
96782
96786
96789
96792
96793
96797
96813
96814
96815
96816
96817
96818
96822
96825
96826
97003
97005
97006
97007
97008
97013
97015
97024
97027
97030
97034
97035
97045
97051
97062
97068
97070
97071
97078
97080
97086
97103
97116
97123
97124
97128
97132
97140
97201
97202
97203
97205
97206
97209
97210
97211
97212
97213
97214
97215
97216
97217
97219
97220
97221
97222
97223
97224
97225
97227
97229
97230
97232
97233
97236
97239
97266
97267
97301
97302
97303
97304
97305
97306
97321
97322
97330
97333
97355
97401
97402
97403
97404
97405
97408
97470
97477
97478
97501
97502
97504
97520
97526
97527
97601
97603
97701
97702
97703
97754
97756
97801
98001
98002
98003
98004
98005
98006
98007
98008
98011
98012
98020
98021
98022
98023
98026
98027
98028
98029
98030
98031
98032
98033
98034
98036
98037
98038
98040
98042
98043
98045
98047
98052
98053
98055
98056
98057
98058
98059
98065
98072
98074
98075
98087
98092
98101
98102
98103
98104
98105
98106
98107
98108
98109
98110
98112
98115
98116
98117
98118
98119
98121
98122
98125
98126
98133
98136
98144
98146
98148
98155
98166
98168
98177
98178
98188
98198
98199
98201
98203
98204
98208
98221
98223
98225
98226
98229
98233
98248
98258
98264
98270
98271
98272
98273
98275
98277
98290
98310
98311
98312
98327
98335
98337
98366
98367
98370
98371
98372
98373
98374
98375
98383
98387
98388
98390
98391
98402
98403
98404
98405
98406
98407
98408
98409
98418
98422
98424
98444
98445
98446
98466
98467
98498
98499
98501
98502
98503
98512
98513
98516
98520
98531
98584
98597
98604
98607
98626
98632
98642
98660
98661
98662
98663
98664
98665
98671
98682
98683
98684
98685
98686
98801
98802
98837
98901
98902
98908
98926
99004
99016
99037
99163
99201
99202
99203
99204
99205
99206
99207
99208
99216
99223
99224
99301
99336
99352
99354
99362
99501
99502
99503
99504
99507
99508
99515
99517
99577
99654
99701
99705